0.5000    0.5000         0
0.6416    1.6867    0.3538
0.9728    2.8906    0.9142
1.0115    2.8889    0.7073
1.6580    3.4625   -1.0549
2.3647    3.8554   -1.5414
2.6277    4.4749   -1.0883
2.9715    5.3539   -0.6504
3.7834    4.9919   -0.1859
4.2369    4.7721   -0.4164
4.9213    4.6333   -1.0274
5.5586    4.7275   -1.4149
6.0842    4.5648   -1.3318
6.7407    4.8359   -2.0330
6.7894    5.4394   -2.3903
6.7204    6.2517    2.9723
6.4191    7.4086    2.9239
6.3628    7.8915    3.1189
6.4522    8.2287    1.4151
6.0148    8.5208    0.0359
5.3891    8.5448   -0.0499
5.1472    8.7093   -1.4397
4.4391    8.9000   -2.1125
3.9907    8.8778   -2.2596
3.5068    8.8100   -2.1190
2.9358    8.6924   -1.6830
2.7164    8.2129   -2.4218
0.6832    9.0930   -1.8638
0.6004   12.0800   -1.0212
0.5175   15.0669   -0.1786
0.1137   15.4744   -0.5162
